../../../../datasets/govdocs1/by-type/csv/519370.csv