../../../../datasets/govdocs1/by-type/csv/472242.csv